<?xml version="1.0"?>
<opencv_storage>
<Distortion type_id="opencv-matrix">
  <rows>5</rows>
  <cols>1</cols>
  <dt>f</dt>
  <data>
    -2.38887116e-001 2.72325778e+000 -2.48164963e-002 -3.99942026e-002
    -7.31082840e+001</data></Distortion>
</opencv_storage>
