<?xml version="1.0"?>
<opencv_storage>
<Intrinsics type_id="opencv-matrix">
  <rows>3</rows>
  <cols>3</cols>
  <dt>f</dt>
  <data>
    1.17401086e+003 0. 3.52924011e+002 0. 1.17401086e+003
    2.63621368e+002 0. 0. 1.</data></Intrinsics>
</opencv_storage>
